103.png 1 0 0 0 0 0 0
169.png 0 0 0 0 0 0 1
8.png 1 0 0 0 0 0 0
119.png 0 0 0 0 0 1 0
13.png 1 0 0 0 0 0 0
160.png 0 0 1 0 0 0 0
170.png 0 0 0 0 1 0 0
203.png 0 0 0 0 0 0 1
307.png 0 0 0 1 0 0 0
30.png 1 0 0 0 0 0 0
174.png 1 0 0 0 0 0 0
296.png 0 1 0 0 0 0 0
275.png 1 0 0 0 0 0 0
206.png 0 0 1 0 0 0 0
99.png 0 0 1 0 0 0 0
297.png 0 1 0 0 0 0 0
260.png 0 0 0 0 1 0 0
101.png 0 0 0 0 1 0 0
114.png 0 0 0 0 1 0 0
249.png 0 0 1 0 0 0 0
131.png 0 0 0 0 0 0 1
172.png 0 0 0 0 0 0 1
52.png 0 0 0 0 0 0 1
126.png 0 0 1 0 0 0 0
26.png 0 0 0 1 0 0 0
63.png 0 0 0 0 0 0 1
38.png 0 0 0 0 0 0 1
182.png 0 0 0 0 0 0 1
111.png 0 0 1 0 0 0 0
44.png 0 0 1 0 0 0 0
137.png 0 0 0 0 1 0 0
64.png 0 0 1 0 0 0 0
224.png 0 0 0 0 0 1 0
29.png 0 0 0 0 0 0 1
234.png 0 0 0 0 0 0 1
235.png 0 0 0 1 0 0 0
195.png 0 0 0 0 1 0 0
108.png 0 0 0 0 1 0 0
120.png 1 0 0 0 0 0 0
220.png 1 0 0 0 0 0 0
20.png 1 0 0 0 0 0 0
104.png 0 0 0 0 0 0 1
102.png 0 0 0 0 0 1 0
193.png 0 0 0 0 1 0 0
180.png 0 0 0 0 0 1 0
41.png 0 0 0 0 1 0 0
7.png 0 0 0 1 0 0 0
148.png 0 0 1 0 0 0 0
326.png 1 0 0 0 0 0 0
91.png 0 0 0 0 0 0 1
98.png 0 0 0 0 1 0 0
257.png 0 0 0 0 0 0 1
112.png 0 0 0 0 0 0 1
287.png 0 0 0 0 0 0 1
270.png 0 0 0 0 0 1 0
252.png 0 0 0 0 0 0 1
138.png 0 0 0 0 0 0 1
256.png 0 0 0 0 1 0 0
153.png 1 0 0 0 0 0 0
46.png 1 0 0 0 0 0 0
208.png 0 0 1 0 0 0 0
49.png 0 0 0 1 0 0 0
15.png 0 0 0 0 0 0 1
285.png 1 0 0 0 0 0 0
157.png 0 0 0 1 0 0 0
184.png 0 0 0 0 0 0 1
23.png 1 0 0 0 0 0 0
323.png 0 0 0 1 0 0 0
85.png 0 0 0 0 1 0 0
319.png 0 1 0 0 0 0 0
216.png 0 0 1 0 0 0 0
259.png 0 0 1 0 0 0 0
171.png 1 0 0 0 0 0 0
32.png 0 0 0 0 0 0 1
69.png 0 0 0 1 0 0 0
75.png 0 0 0 0 1 0 0
134.png 1 0 0 0 0 0 0
230.png 0 0 0 0 1 0 0
16.png 1 0 0 0 0 0 0
313.png 0 1 0 0 0 0 0
240.png 0 0 0 0 0 0 1
70.png 0 0 1 0 0 0 0
24.png 0 0 0 0 0 0 1
320.png 0 0 0 0 0 1 0
9.png 0 0 1 0 0 0 0
54.png 0 0 0 0 1 0 0
97.png 0 0 0 0 0 0 1
316.png 0 1 0 0 0 0 0
284.png 0 0 0 0 0 1 0
186.png 0 0 0 0 1 0 0
290.png 0 0 0 1 0 0 0
280.png 0 0 1 0 0 0 0
154.png 0 0 1 0 0 0 0
212.png 0 0 0 0 0 1 0
130.png 0 0 0 0 1 0 0
122.png 0 0 1 0 0 0 0
299.png 0 1 0 0 0 0 0
59.png 0 0 1 0 0 0 0
223.png 0 0 0 0 0 0 1
48.png 0 0 0 0 0 0 1
140.png 0 0 0 0 0 0 1
211.png 0 0 1 0 0 0 0
255.png 0 0 1 0 0 0 0
264.png 0 0 1 0 0 0 0
314.png 0 0 0 0 0 1 0
110.png 0 0 0 1 0 0 0
205.png 0 0 1 0 0 0 0
57.png 0 0 0 0 0 0 1
286.png 0 0 0 0 1 0 0
83.png 0 0 1 0 0 0 0
226.png 0 0 0 0 0 0 1
5.png 0 0 0 0 0 0 1
309.png 1 0 0 0 0 0 0
135.png 0 0 0 0 0 0 1
231.png 0 0 0 0 0 0 1
28.png 0 0 0 0 1 0 0
254.png 1 0 0 0 0 0 0
232.png 0 0 1 0 0 0 0
327.png 0 0 0 1 0 0 0
90.png 0 0 1 0 0 0 0
244.png 0 0 0 0 1 0 0
113.png 0 0 1 0 0 0 0
3.png 1 0 0 0 0 0 0
10.png 0 0 0 0 1 0 0
261.png 0 0 0 0 0 0 1
125.png 0 0 0 0 0 0 1
243.png 0 0 1 0 0 0 0
274.png 0 0 0 0 0 0 1
222.png 1 0 0 0 0 0 0
50.png 0 0 1 0 0 0 0
6.png 0 0 0 0 0 1 0
150.png 0 0 0 0 0 1 0
282.png 0 0 0 0 1 0 0
266.png 0 0 0 0 0 0 1
18.png 0 0 0 0 0 0 1
53.png 1 0 0 0 0 0 0
312.png 1 0 0 0 0 0 0
175.png 0 0 0 1 0 0 0
227.png 0 0 0 0 1 0 0
33.png 0 0 1 0 0 0 0
86.png 0 0 1 0 0 0 0
236.png 1 0 0 0 0 0 0
318.png 0 0 0 0 0 1 0
250.png 0 0 0 0 0 0 1
177.png 0 0 0 0 0 0 1
291.png 0 0 0 0 0 0 1
310.png 0 1 0 0 0 0 0
37.png 0 0 0 0 1 0 0
293.png 0 0 0 0 0 1 0
106.png 0 0 0 0 1 0 0
100.png 0 0 0 0 0 0 1
173.png 0 0 1 0 0 0 0
239.png 1 0 0 0 0 0 0
123.png 1 0 0 0 0 0 0
277.png 0 0 0 0 1 0 0
217.png 0 0 0 0 1 0 0
197.png 0 0 0 0 1 0 0
292.png 0 0 0 0 1 0 0
263.png 0 0 0 0 0 1 0
62.png 0 0 0 1 0 0 0
146.png 0 0 0 0 0 0 1
273.png 0 0 0 0 1 0 0
25.png 1 0 0 0 0 0 0
76.png 0 0 0 0 0 0 1
58.png 0 0 0 0 1 0 0
178.png 1 0 0 0 0 0 0
281.png 0 0 0 0 0 0 1
115.png 0 0 0 0 0 0 1
176.png 0 0 0 0 1 0 0
181.png 0 0 0 0 1 0 0
132.png 0 0 1 0 0 0 0
133.png 0 0 0 0 1 0 0
95.png 0 0 0 0 0 1 0
194.png 0 0 1 0 0 0 0
315.png 1 0 0 0 0 0 0
61.png 0 0 0 0 1 0 0
210.png 0 0 0 0 0 0 1
272.png 0 0 1 0 0 0 0
79.png 0 0 0 0 0 0 1
201.png 0 0 0 0 1 0 0
141.png 0 0 0 0 1 0 0
66.png 0 0 1 0 0 0 0
168.png 0 0 1 0 0 0 0
155.png 0 0 0 0 1 0 0
196.png 0 0 0 0 0 0 1
144.png 0 0 1 0 0 0 0
139.png 0 0 1 0 0 0 0
238.png 0 0 0 1 0 0 0
109.png 0 0 0 0 0 0 1
304.png 0 1 0 0 0 0 0
149.png 0 0 0 0 0 0 1
142.png 0 0 1 0 0 0 0
56.png 0 0 1 0 0 0 0
17.png 0 0 1 0 0 0 0
278.png 1 0 0 0 0 0 0
269.png 0 0 1 0 0 0 0
159.png 0 0 0 0 0 0 1
163.png 0 0 0 0 0 0 1
74.png 0 0 1 0 0 0 0
19.png 0 0 0 0 0 1 0
45.png 0 0 1 0 0 0 0
84.png 0 0 0 0 0 0 1
22.png 1 0 0 0 0 0 0
1.png 0 0 1 0 0 0 0
294.png 0 1 0 0 0 0 0
14.png 0 0 0 0 1 0 0
117.png 0 0 1 0 0 0 0
12.png 0 0 0 0 0 1 0
65.png 0 0 0 0 0 0 1
242.png 0 0 0 1 0 0 0
271.png 0 0 0 1 0 0 0
39.png 0 0 0 0 0 1 0
300.png 0 1 0 0 0 0 0
225.png 1 0 0 0 0 0 0
107.png 0 0 1 0 0 0 0
214.png 0 0 0 0 1 0 0
105.png 1 0 0 0 0 0 0
121.png 0 0 0 0 1 0 0
166.png 1 0 0 0 0 0 0
31.png 0 0 0 0 1 0 0
145.png 0 0 0 0 1 0 0
162.png 0 0 0 0 1 0 0
258.png 1 0 0 0 0 0 0
128.png 0 0 0 0 0 0 1
78.png 0 0 1 0 0 0 0
204.png 0 0 0 1 0 0 0
262.png 1 0 0 0 0 0 0
152.png 0 0 0 0 0 0 1
72.png 0 0 0 0 1 0 0
21.png 0 0 0 0 1 0 0
198.png 0 0 1 0 0 0 0
94.png 0 0 0 0 1 0 0
207.png 0 0 0 0 0 1 0
306.png 1 0 0 0 0 0 0
116.png 0 0 0 0 1 0 0
89.png 0 0 0 0 1 0 0
302.png 0 1 0 0 0 0 0
82.png 0 0 0 0 0 0 1
127.png 0 0 0 1 0 0 0
218.png 0 0 0 0 0 0 1
34.png 0 0 0 0 1 0 0
308.png 0 0 0 0 0 1 0
298.png 0 1 0 0 0 0 0
27.png 0 0 1 0 0 0 0
229.png 0 0 0 0 0 1 0
60.png 0 0 0 0 0 0 1
188.png 0 0 0 0 0 0 1
158.png 0 0 0 0 1 0 0
295.png 0 1 0 0 0 0 0
156.png 0 0 0 0 0 0 1
118.png 0 0 0 0 0 0 1
289.png 0 0 0 0 1 0 0
200.png 1 0 0 0 0 0 0
73.png 0 0 0 0 0 0 1
42.png 0 0 0 0 0 0 1
35.png 0 0 0 0 0 0 1
88.png 0 0 0 0 0 0 1
96.png 0 0 0 1 0 0 0
311.png 0 0 0 1 0 0 0
47.png 0 0 0 0 0 1 0
268.png 0 0 0 0 1 0 0
